
================================================================================================================================================
  citation_any_ai citation_ml citation_evo citation_nlp citation_speech citation_vision citation_kr citation_planning citation_hardware   type  
------------------------------------------------------------------------------------------------------------------------------------------------
1        1           0.130       0.026        0.183          0.133           0.287         0.551          0.679             0.478        any_ai 
2        1           0.348       0.062        0.228          0.178           0.379         0.703          0.706             0.537          ml   
3        1           0.302       0.107        0.216          0.119           0.311         0.748          0.754             0.503         evo   
4        1           0.155       0.033        0.541          0.467           0.510         0.782          0.834             0.644         nlp   
5        1           0.162       0.026        0.560          0.647           0.616         0.749          0.804             0.614        speech 
6        1           0.165       0.029        0.281          0.280           0.704         0.585          0.546             0.434        vision 
7        1           0.157       0.036        0.249          0.180           0.306         0.692          0.757             0.513          kr   
8        1           0.128       0.029        0.222          0.158           0.250         0.612          0.809             0.478       planning
9        1           0.153       0.029        0.249          0.188           0.288         0.605          0.679             0.650       hardware
------------------------------------------------------------------------------------------------------------------------------------------------
