
=========================================================================================================================================================
   pre2001 citation_any_ai citation_ml citation_evo citation_nlp citation_speech citation_vision citation_kr citation_planning citation_hardware   type  
---------------------------------------------------------------------------------------------------------------------------------------------------------
1   FALSE         1           0.129       0.026        0.183          0.133           0.288         0.551          0.685             0.477        any_ai 
2   TRUE          1           0.172       0.026        0.178          0.123           0.276         0.532          0.543             0.489        any_ai 
3   FALSE         1           0.341       0.062        0.229          0.179           0.380         0.704          0.713             0.532          ml   
4   TRUE          1           0.464       0.057        0.200          0.169           0.362         0.687          0.607             0.605          ml   
5   FALSE         1           0.296       0.107        0.216          0.117           0.310         0.746          0.757             0.498         evo   
6   TRUE          1           0.401       0.103        0.230          0.153           0.327         0.768          0.704             0.581         evo   
7   FALSE         1           0.154       0.034        0.541          0.469           0.515         0.786          0.841             0.647         nlp   
8   TRUE          1           0.197       0.029        0.555          0.405           0.381         0.695          0.656             0.585         nlp   
9   FALSE         1           0.159       0.026        0.560          0.648           0.622         0.753          0.812             0.617        speech 
10  TRUE          1           0.240       0.025        0.565          0.615           0.462         0.650          0.583             0.533        speech 
11  FALSE         1           0.163       0.030        0.283          0.284           0.707         0.588          0.552             0.435        vision 
12  TRUE          1           0.221       0.027        0.237          0.199           0.641         0.511          0.398             0.404        vision 
13  FALSE         1           0.155       0.036        0.250          0.181           0.308         0.693          0.761             0.512          kr   
14  TRUE          1           0.226       0.036        0.232          0.153           0.267         0.672          0.637             0.528          kr   
15  FALSE         1           0.125       0.029        0.222          0.159           0.251         0.612          0.812             0.478       planning
16  TRUE          1           0.197       0.032        0.218          0.137           0.212         0.619          0.726             0.495       planning
17  FALSE         1           0.151       0.029        0.250          0.190           0.290         0.606          0.685             0.649       hardware
18  TRUE          1           0.215       0.029        0.220          0.141           0.228         0.571          0.539             0.673       hardware
---------------------------------------------------------------------------------------------------------------------------------------------------------
